There are two distinct real roots
x1: -0.381966
x2: -2.618034
