There are two distinct real roots
x1: 4.414214
x2: 1.585786
