There are two distinct real roots
x1: -1.585786
x2: -4.414214
